objectives = Base.Generator{StepRangeLen{Float64,Base.TwicePrecision{Float64},Base.TwicePrecision{Float64}},getfield(Main, Symbol("##211#213")){Float64,typeof(log),getfield(Main, Symbol("##215#216")),Array{Float64,1},Interpolations.Extrapolation{Float64,1,ScaledInterpolation{Float64,1,Interpolations.BSplineInterpolation{Float64,1,Array{Float64,1},BSpline{Linear},Tuple{Base.OneTo{Int64}}},BSpline{Linear},Tuple{StepRangeLen{Float64,Base.TwicePrecision{Float64},Base.TwicePrecision{Float64}}}},BSpline{Linear},Throw{Nothing}}}}(getfield(Main, Symbol("##211#213")){Float64,typeof(log),getfield(Main, Symbol("##215#216")),Array{Float64,1},Interpolations.Extrapolation{Float64,1,ScaledInterpolation{Float64,1,Interpolations.BSplineInterpolation{Float64,1,Array{Float64,1},BSpline{Linear},Tuple{Base.OneTo{Int64}}},BSpline{Linear},Tuple{StepRangeLen{Float64,Base.TwicePrecision{Float64},Base.TwicePrecision{Float64}}}},BSpline{Linear},Throw{Nothing}}}(0.96, log, getfield(Main, Symbol("##215#216"))(), [0.945915, 0.956535, 1.00272, 0.970496, 1.19457, 0.891821, 0.95422, 1.01574, 0.767821, 1.10554, 1.11431, 1.01888, 1.05318, 1.16083, 1.03744, 0.915193, 1.07085, 0.852947, 1.04192, 0.917929, 0.900236, 1.05149, 0.978607, 0.931795, 0.648076, 1.05864, 0.867443, 0.963445, 1.03759, 0.999239, 1.05788, 1.01074, 1.0586, 1.07048, 0.874667, 0.976453, 1.10731, 1.0727, 0.985584, 1.0664, 1.19954, 0.96394, 1.07859, 1.00874, 0.918403, 1.09683, 1.17493, 1.05043, 0.977646, 0.873573, 1.0307, 1.13035, 0.955235, 0.963798, 0.942904, 1.09309, 1.02423, 0.980676, 1.0676, 0.921451, 0.847846, 0.959542, 1.00273, 1.03021, 1.00716, 0.914432, 0.81916, 0.981446, 0.943136, 0.859899, 0.989217, 0.963532, 1.12856, 0.979806, 1.00125, 1.01416, 0.905526, 0.891504, 1.14701, 0.994111, 0.965308, 0.865119, 1.26971, 1.01266, 1.03221, 1.02801, 0.849963, 0.910527, 0.911149, 0.819504, 1.01385, 1.3702, 0.930399, 0.943924, 1.04701, 1.02503, 0.997437, 0.938748, 0.902992, 0.877086, 1.07112, 0.990585, 0.971927, 0.966691, 0.990509, 1.07993, 1.15517, 0.972872, 0.962748, 0.93028, 1.01406, 0.868547, 1.11132, 0.799489, 0.933316, 0.870913, 1.06118, 1.06833, 1.31771, 1.04787, 0.991972, 1.00799, 0.964398, 0.933482, 0.932789, 0.957922, 0.940163, 0.924267, 1.10289, 0.983449, 0.956855, 0.998935, 1.0416, 0.962474, 0.95785, 0.994721, 1.0793, 0.843005, 0.935658, 1.17293, 1.05575, 1.0274, 1.12342, 0.907081, 1.06091, 0.94354, 0.901111, 0.980939, 0.957451, 1.00846, 1.11002, 0.951922, 1.13268, 1.11857, 0.987745, 0.898842, 1.03094, 0.835184, 0.986819, 1.06506, 0.791222, 0.984154, 1.07032, 0.928229, 1.13096, 1.11523, 1.20875, 0.973569, 1.22623, 1.00559, 0.930591, 0.983843, 0.971584, 0.814366, 0.799849, 0.891062, 0.855629, 0.873511, 0.965104, 0.847636, 0.903229, 1.14506, 0.929572, 1.15713, 1.12474, 1.15831, 1.24049, 0.980413, 0.883517, 1.04878, 1.05828, 1.24498, 0.983442, 0.831921, 0.942369, 0.956503, 1.20697, 0.917869, 1.05452, 1.09939, 1.05196, 0.867025, 1.02765, 1.18333, 1.09193, 0.963455, 0.874798, 0.935784, 0.964235, 1.0129, 0.918004, 1.07749, 0.978877, 1.06258, 0.985069, 1.02907, 1.10175, 1.04756, 0.989975, 1.10207, 1.1456, 1.09635, 0.999605, 1.06878, 0.954632, 0.990414, 0.863809, 1.00342, 1.01945, 1.13568, 0.934286, 1.07381,
1.17909, 0.87273, 1.17821, 0.878672, 0.940886, 0.951905, 1.00768, 1.01605, 1.04547, 0.88582, 0.873561, 0.901957, 1.1134, 1.11264, 0.983137, 1.01957, 0.780233, 0.955113], 200-element extrapolate(scale(interpolate(::Array{Float64,1}, BSpline(Linear())), (1.0e-5:0.020100452261306533:4.0,)), Throw()) with element type Float64:
 -57.564627324851145
 -19.53257793038344
 -16.068085316796058
 -14.041174274702977
 -12.602971174554327
 -11.487377779373487
 -10.575852904715635
  -9.80515872735815
  -9.137546181029972
  -8.548665549416512
  -8.021890608634013
  -7.545362322231439
  -7.110324281210621
  -6.710126687759998
  -6.339600494103623
  -5.994647981529689
  -5.67196574011807
  -5.368851776003359
  -5.083067835677624
  -4.812739002540508
  -4.556279076504638
  -4.312334178147516
  -4.079739484060994
  -3.8574855871182696
  -3.6446920212806937
  -3.440586194438895
  -3.244486455530443
  -3.0557883590058146
  -2.8739534284440373
  -2.6984998927654997
  -2.5289949935414113
  -2.365048554120687
  -2.206307570074925
  -2.0524516322981
  -1.9031890335454784
  -1.7582534394904263
  -1.6174010288405585
  -1.480408025371689
  -1.3470685591452438
  -1.2171928055864776
  -1.0906053602002104
  -0.967143814001803
  -0.8466575006340236
  -0.729006390923638
  -0.6140601145346931
  -0.5016970915766253
  -0.3918037596634338
  -0.2842738841042223
  -0.17900794072151574
  -0.07591256231017586
   0.02509995897896523
   0.12411211997683932
   0.22120161129772223
   0.31644168358129565
   0.409901479500518
   0.5016463353049664
   0.5917380551937077
   0.6802351614036475
   0.7671931225477792
   0.8526645624345606
   0.9366994513369687
   1.0193452814521033
   1.1006472280938984
   1.180648297988824
   1.2593894658933282
   1.3369098006195408
   1.413246581439608
   1.488435405736845
   1.562510288681889
   1.6355037556324608
   1.7074469278850077
   1.778369602344051
   1.848300325619765
   1.9172664630148617
   1.9852942628181212
   2.0524089162824994
   2.1186346136308782
   2.1839945964009915
   2.2485112064129886
   2.3122059316178194
   2.3750994490618256
   2.4372116651825686
   2.4985617536322993
   2.559168190808979
   2.61904878925951
   2.6782207291063505
   2.7367005876361588
   2.794504367178038
   2.8516475213886183
   2.9081449800520236
   2.964011172494287
   3.0192600497040676
   3.0739051052445356
   3.1279593950347993
   3.1814355560734726
   3.2343458241714953
   3.286702050756519
   3.3385157188065238
   3.3897979579663158
   3.440559558896625
   3.4908109869021327
   3.540562394881448
   3.589823635639118
   3.638604273597034
   3.6869135959400463
   3.7347606232282744
   3.7821541195064317
   3.829102601938522
   3.875614349994403
   3.921697414212975
   3.9673596245652076
   4.01260859843875
   4.057451748264463
   4.101896288803981
   4.1459492441162205
   4.189617454219687
   4.232907581466331
   4.275826116641857
   4.318379384806427
   4.36057355088892
   4.402414625047117
   4.443908467805444
   4.485060794981311
   4.5258771824103485
   4.56636307048033
   4.6065237684830205
   4.646364458792628
   4.685890200879097
   4.725105935164019
   4.764016486726487
   4.802626568865886
   4.840940786528156
   4.87896363960179
   4.916699526089431
   4.954152745160707
   4.991327500091553
   5.028227901095075
   5.064857968048722
   5.10122163312228
   5.1373227433109925
   5.17316506287788
   5.20875227570916
   5.24408798758641
   5.279175728379027
   5.31401895416027
   5.3486210492501085
   5.382985328187847
   5.4171150376374255
   5.451013358228144
   5.484683406333398
   5.518128235789936
   5.5513508395599676
   5.584354151338458
   5.6171410471076895
   5.649714346641206
   5.6820768149590615
   5.714231163736309
   5.746180052666459
   5.7779260907816585
   5.809471837731248
   5.840819805020197
   5.871972457208995
   5.902932213076369
   5.933701446746237
   5.9642824887801975
   5.994677627236806
   6.024889108698849
   6.0549191392697725
   6.084769885540373
   6.114443475526778
   6.143941999580786
   6.1732675112734965
   6.202422028253174
   6.231407533078249
   6.2602259740263255
   6.288879265879981
   6.31736929069021
   6.345697898518212
   6.373866908156299
   6.401878107828615
   6.429733255872313
   6.457434081399888
   6.484982284943248
   6.512379539080152
   6.539627489043554
   6.566727753314472
   6.593681924198833
   6.620491568388898
   6.647158227509662
   6.67368341865082
   6.7000686348846505
   6.726315345770323
   6.752424997845044
   6.778399015102439
   6.804238799458569
   6.829945731205975
   6.855521169456104
   6.880966452570484
   6.906282898580979
   6.931471805599453  ), 1.0e-5:0.020100452261306533:4.0)
200-element Array{Float64,1}:
 -51.67482954121968
 -13.320728728651696
 -11.29499257576633
 -10.110444008516343
   ⋮
   2.0953718677281175
   2.110236396686903
   2.125022651709569
   2.1397326882164744